
============================================================================================
Group By - Pclass & Sex & Survived

Dictionary Mapping : {'male': 0, 'female': 1}

Pclass  Sex  Survived
1       0    0            77
             1            45
        1    0             3
             1            91
2       0    0            91
             1            17
        1    0             6
             1            70
3       0    0           300
             1            47
        1    0            72
             1            72

============================================================================================


============================================================================================
Group By - Pclass & Age_group & Survived


Pclass  Age_group  Survived
1       0-10       0             1
                   1             2
        10-20      0             3
                   1            15
        20-30      0            27
                   1            43
        30-40      0            12
                   1            37
        40-50      0            16
                   1            21
        50-60      0            10
                   1            15
        60-70      0             9
                   1             2
        70-80      0             2
                   1             1
2       0-10       1            17
        10-20      0             9
                   1             9
        20-30      0            43
                   1            29
        30-40      0            24
                   1            19
        40-50      0             9
                   1            10
        50-60      0            10
                   1             2
        60-70      0             2
                   1             1
3       0-10       0            25
                   1            19
        10-20      0            59
                   1            20
        20-30      0           201
                   1            64
        30-40      0            50
                   1            13
        40-50      0            28
                   1             2
        50-60      0             5
        60-70      0             2
                   1             1
        70-80      0             2

============================================================================================


============================================================================================
Group By - Pclass & SibSp & Survived


Pclass  SibSp  Survived
1       0      0            60
               1            77
        1      0            18
               1            53
        2      0             1
               1             4
        3      0             1
               1             2
2       0      0            70
               1            50
        1      0            23
               1            32
        2      0             4
               1             4
        3      1             1
3       0      0           268
               1            83
        1      0            56
               1            27
        2      0            10
               1             5
        3      0            11
               1             1
        4      0            15
               1             3
        5      0             5
        8      0             7

============================================================================================


============================================================================================
Group By - Pclass & Parch & Survived


Pclass  Parch  Survived
1       0      0            64
               1            99
        1      0            10
               1            21
        2      0             5
               1            16
        4      0             1
2       0      0            86
               1            48
        1      0             8
               1            24
        2      0             3
               1            13
        3      1             2
3       0      0           295
               1            86
        1      0            35
               1            20
        2      0            32
               1            11
        3      0             2
               1             1
        4      0             3
        5      0             4
               1             1
        6      0             1

============================================================================================


============================================================================================
Group By - Pclass & Fare_group & Survived


Pclass  Fare_group  Survived
1       0-50        0            43
                    1            34
        50-100      0            23
                    1            63
        100-150     0             5
                    1            19
        150-200     0             3
                    1             6
        200-250     0             4
                    1             7
        250-300     0             2
                    1             4
        500-550     1             3
2       0-50        0            92
                    1            85
        50-100      0             5
                    1             2
3       0-50        0           363
                    1           114
        50-100      0             9
                    1             5

============================================================================================


============================================================================================
Group By - Pclass & Cabin_group & Survived


Pclass  Cabin_group  Survived
1       A_Cabin      0             8
                     1             7
        B_Cabin      0            12
                     1            35
        C_Cabin      0            24
                     1            35
        D_Cabin      0             7
                     1            22
        E_Cabin      0             7
                     1            18
        Missing      0            21
                     1            19
        T_Cabin      0             1
2       D_Cabin      0             1
                     1             3
        E_Cabin      0             1
                     1             3
        F_Cabin      0             1
                     1             7
        Missing      0            94
                     1            74
3       E_Cabin      1             3
        F_Cabin      0             4
                     1             1
        G_Cabin      0             2
                     1             2
        Missing      0           366
                     1           113

============================================================================================


============================================================================================
Group By - Pclass & Embarked & Survived

Dictionary Mapping : {'S': 1, 'C': 2, 'Q': 3}

Pclass  Embarked  Survived
1       1         0            53
                  1            76
        2         0            26
                  1            59
        3         0             1
                  1             1
2       1         0            88
                  1            76
        2         0             8
                  1             9
        3         0             1
                  1             2
3       1         0           286
                  1            67
        2         0            41
                  1            25
        3         0            45
                  1            27

============================================================================================


============================================================================================
Group By - Sex & Age_group & Survived

Dictionary Mapping : {'male': 0, 'female': 1}

Sex  Age_group  Survived
0    0-10       0            14
                1            19
     10-20      0            59
                1            10
     20-30      0           234
                1            39
     30-40      0            77
                1            23
     40-50      0            43
                1            12
     50-60      0            24
                1             4
     60-70      0            13
                1             1
     70-80      0             4
                1             1
1    0-10       0            12
                1            19
     10-20      0            12
                1            34
     20-30      0            37
                1            97
     30-40      0             9
                1            46
     40-50      0            10
                1            21
     50-60      0             1
                1            13
     60-70      1             3

============================================================================================


============================================================================================
Group By - Sex & SibSp & Survived

Dictionary Mapping : {'male': 0, 'female': 1}

Sex  SibSp  Survived
0    0      0           361
            1            73
     1      0            71
            1            32
     2      0            12
            1             3
     3      0             5
     4      0            11
            1             1
     5      0             4
     8      0             4
1    0      0            37
            1           137
     1      0            26
            1            80
     2      0             3
            1            10
     3      0             7
            1             4
     4      0             4
            1             2
     5      0             1
     8      0             3

============================================================================================


============================================================================================
Group By - Sex & Parch & Survived

Dictionary Mapping : {'male': 0, 'female': 1}

Sex  Parch  Survived
0    0      0           404
            1            80
     1      0            39
            1            19
     2      0            21
            1            10
     3      0             1
     4      0             2
     5      0             1
1    0      0            41
            1           153
     1      0            14
            1            46
     2      0            19
            1            30
     3      0             1
            1             3
     4      0             2
     5      0             3
            1             1
     6      0             1

============================================================================================


============================================================================================
Group By - Sex & Fare_group & Survived

Dictionary Mapping : {'male': 0, 'female': 1}

Sex  Fare_group  Survived
0    0-50        0           422
                 1            82
     50-100      0            34
                 1            20
     100-150     0             5
                 1             4
     150-200     0             1
                 1             1
     200-250     0             4
     250-300     0             2
     500-550     1             2
1    0-50        0            76
                 1           151
     50-100      0             3
                 1            50
     100-150     1            15
     150-200     0             2
                 1             5
     200-250     1             7
     250-300     1             4
     500-550     1             1

============================================================================================


============================================================================================
Group By - Sex & Cabin_group & Survived

Dictionary Mapping : {'male': 0, 'female': 1}

Sex  Cabin_group  Survived
0    A_Cabin      0             8
                  1             6
     B_Cabin      0            12
                  1             8
     C_Cabin      0            21
                  1            11
     D_Cabin      0             8
                  1             7
     E_Cabin      0             7
                  1            10
     F_Cabin      0             5
                  1             3
     Missing      0           406
                  1            64
     T_Cabin      0             1
1    A_Cabin      1             1
     B_Cabin      1            27
     C_Cabin      0             3
                  1            24
     D_Cabin      1            18
     E_Cabin      0             1
                  1            14
     F_Cabin      1             5
     G_Cabin      0             2
                  1             2
     Missing      0            75
                  1           142

============================================================================================


============================================================================================
Group By - Sex & Embarked & Survived

Dictionary Mapping : {'male': 0, 'female': 1}
Dictionary Mapping : {'S': 1, 'C': 2, 'Q': 3}

Sex  Embarked  Survived
0    1         0           364
               1            77
     2         0            66
               1            29
     3         0            38
               1             3
1    1         0            63
               1           142
     2         0             9
               1            64
     3         0             9
               1            27

============================================================================================


============================================================================================
Group By - Age_group & SibSp & Survived


Age_group  SibSp  Survived
0-10       0      0             2
                  1            14
           1      0             2
                  1            17
           2      0             1
                  1             5
           3      0             7
           4      0            12
                  1             2
           5      0             2
10-20      0      0            48
                  1            28
           1      0            14
                  1            14
           2      0             2
                  1             1
           3      0             1
           4      0             3
                  1             1
           5      0             3
20-30      0      0           213
                  1            96
           1      0            39
                  1            32
           2      0             8
                  1             5
           3      0             4
                  1             3
           8      0             7
30-40      0      0            61
                  1            40
           1      0            23
                  1            28
           2      0             2
           3      1             1
40-50      0      0            37
                  1            20
           1      0            14
                  1            12
           2      0             2
                  1             1
50-60      0      0            22
                  1             8
           1      0             3
                  1             8
           2      1             1
60-70      0      0            11
                  1             3
           1      0             2
                  1             1
70-80      0      0             4
                  1             1

============================================================================================


============================================================================================
Group By - Age_group & Parch & Survived


Age_group  Parch  Survived
0-10       0      1             1
           1      0            12
                  1            23
           2      0            14
                  1            14
10-20      0      0            56
                  1            29
           1      0             9
                  1             7
           2      0             5
                  1             8
           3      0             1
20-30      0      0           242
                  1           112
           1      0            12
                  1            11
           2      0            16
                  1            11
           3      1             2
           4      0             1
30-40      0      0            71
                  1            50
           1      0             9
                  1            12
           2      0             2
                  1             6
           4      0             1
           5      0             3
                  1             1
40-50      0      0            42
                  1            24
           1      0             5
                  1             8
           2      0             2
                  1             1
           3      0             1
           4      0             1
           5      0             1
           6      0             1
50-60      0      0            20
                  1            12
           1      0             4
                  1             4
           2      0             1
           3      1             1
60-70      0      0            10
                  1             4
           1      0             2
           4      0             1
70-80      0      0             4
                  1             1

============================================================================================


============================================================================================
Group By - Age_group & Fare_group & Survived


Age_group  Fare_group  Survived
0-10       0-50        0            25
                       1            36
           50-100      1             1
           150-200     0             1
                       1             1
10-20      0-50        0            67
                       1            32
           50-100      0             2
                       1             5
           100-150     0             1
                       1             4
           200-250     1             2
           250-300     0             1
                       1             1
20-30      0-50        0           248
                       1           101
           50-100      0            17
                       1            25
           100-150     0             1
                       1             5
           150-200     0             1
                       1             1
           200-250     0             4
                       1             1
           250-300     1             3
30-40      0-50        0            80
                       1            37
           50-100      0             5
                       1            19
           100-150     1             7
           150-200     0             1
                       1             2
           200-250     1             1
           500-550     1             3
40-50      0-50        0            44
                       1            18
           50-100      0             7
                       1             9
           100-150     0             2
                       1             2
           150-200     1             1
           200-250     1             3
50-60      0-50        0            20
                       1             6
           50-100      0             4
                       1             9
           100-150     0             1
                       1             1
           150-200     1             1
60-70      0-50        0            10
                       1             2
           50-100      0             2
                       1             2
           250-300     0             1
70-80      0-50        0             4
                       1             1

============================================================================================


============================================================================================
Group By - Age_group & Cabin_group & Survived


Age_group  Cabin_group  Survived
0-10       A_Cabin      1             1
           C_Cabin      0             1
                        1             1
           E_Cabin      1             1
           F_Cabin      1             4
           G_Cabin      0             1
                        1             1
           Missing      0            24
                        1            30
10-20      B_Cabin      1             9
           C_Cabin      0             2
                        1             3
           D_Cabin      0             1
                        1             2
           E_Cabin      1             1
           F_Cabin      0             1
           Missing      0            67
                        1            29
20-30      A_Cabin      0             3
                        1             1
           B_Cabin      0             3
                        1             9
           C_Cabin      0             7
                        1            12
           D_Cabin      0             2
                        1             7
           E_Cabin      1             8
           F_Cabin      0             2
                        1             3
           G_Cabin      0             1
                        1             1
           Missing      0           253
                        1            95
30-40      A_Cabin      0             3
                        1             1
           B_Cabin      0             3
                        1             9
           C_Cabin      0             4
                        1            12
           D_Cabin      0             1
                        1             5
           E_Cabin      1            10
           F_Cabin      0             1
                        1             1
           Missing      0            74
                        1            31
40-50      A_Cabin      1             2
           B_Cabin      0             2
                        1             4
           C_Cabin      0             7
                        1             2
           D_Cabin      0             1
                        1             6
           E_Cabin      0             4
                        1             3
           F_Cabin      0             1
           Missing      0            37
                        1            16
           T_Cabin      0             1
50-60      A_Cabin      0             1
                        1             1
           B_Cabin      0             1
                        1             3
           C_Cabin      0             1
                        1             5
           D_Cabin      0             2
                        1             4
           E_Cabin      0             3
                        1             1
           Missing      0            17
                        1             3
60-70      B_Cabin      0             3
                        1             1
           C_Cabin      0             2
           D_Cabin      0             1
                        1             1
           E_Cabin      0             1
           Missing      0             6
                        1             2
70-80      A_Cabin      0             1
                        1             1
           Missing      0             3

============================================================================================


============================================================================================
Group By - Age_group & Embarked & Survived

Dictionary Mapping : {'S': 1, 'C': 2, 'Q': 3}

Age_group  Embarked  Survived
0-10       1         0            21
                     1            30
           2         0             1
                     1             8
           3         0             4
10-20      1         0            61
                     1            25
           2         0             8
                     1            15
           3         0             2
                     1             4
20-30      1         0           199
                     1            73
           2         0            42
                     1            38
           3         0            30
                     1            25
30-40      1         0            69
                     1            54
           2         0            11
                     1            14
           3         0             6
                     1             1
40-50      1         0            45
                     1            23
           2         0             6
                     1            10
           3         0             2
50-60      1         0            20
                     1             9
           2         0             4
                     1             8
           3         0             1
60-70      1         0            11
                     1             4
           2         0             1
           3         0             1
70-80      1         0             1
                     1             1
           2         0             2
           3         0             1

============================================================================================


============================================================================================
Group By - SibSp & Parch & Survived


SibSp  Parch  Survived
0      0      0           374
              1           163
       1      0            13
              1            25
       2      0             8
              1            21
       3      1             1
       4      0             1
       5      0             2
1      0      0            59
              1            64
       1      0            23
              1            34
       2      0             7
              1            12
       3      0             2
              1             1
       4      0             3
       5      0             2
              1             1
       6      0             1
2      0      0            12
              1             4
       1      0             1
              1             6
       2      0             2
              1             2
       3      1             1
3      0      1             2
       1      0             7
       2      0             5
              1             2
4      1      0             9
       2      0             6
              1             3
5      2      0             5
8      2      0             7

============================================================================================


============================================================================================
Group By - SibSp & Fare_group & Survived


SibSp  Fare_group  Survived
0      0-50        0           377
                   1           161
       50-100      0            14
                   1            29
       100-150     0             2
                   1             7
       150-200     0             1
                   1             4
       200-250     0             4
                   1             6
       500-550     1             3
1      0-50        0            79
                   1            58
       50-100      0            12
                   1            40
       100-150     0             3
                   1            11
       150-200     0             2
                   1             2
       200-250     1             1
       250-300     0             1
2      0-50        0            11
                   1             9
       50-100      0             4
                   1             1
       100-150     1             1
       250-300     1             2
3      0-50        0            11
                   1             2
       250-300     0             1
                   1             2
4      0-50        0            15
                   1             3
5      0-50        0             5
8      50-100      0             7

============================================================================================


============================================================================================
Group By - SibSp & Cabin_group & Survived


SibSp  Cabin_group  Survived
0      A_Cabin      0             8
                    1             5
       B_Cabin      0            10
                    1            22
       C_Cabin      0            12
                    1            17
       D_Cabin      0             7
                    1            12
       E_Cabin      0             5
                    1            17
       F_Cabin      0             5
                    1             3
       G_Cabin      0             1
                    1             1
       Missing      0           349
                    1           133
       T_Cabin      0             1
1      A_Cabin      1             2
       B_Cabin      0             2
                    1            11
       C_Cabin      0            10
                    1            15
       D_Cabin      0             1
                    1            13
       E_Cabin      0             3
                    1             7
       F_Cabin      1             3
       G_Cabin      0             1
                    1             1
       Missing      0            80
                    1            60
2      B_Cabin      1             2
       C_Cabin      0             1
                    1             1
       F_Cabin      1             2
       Missing      0            14
                    1             8
3      C_Cabin      0             1
                    1             2
       Missing      0            11
                    1             2
4      Missing      0            15
                    1             3
5      Missing      0             5
8      Missing      0             7

============================================================================================


============================================================================================
Group By - SibSp & Embarked & Survived

Dictionary Mapping : {'S': 1, 'C': 2, 'Q': 3}

SibSp  Embarked  Survived
0      1         0           305
                 1           135
       2         0            57
                 1            52
       3         0            36
                 1            23
1      1         0            74
                 1            71
       2         0            17
                 1            36
       3         0             6
                 1             5
2      1         0            13
                 1             6
       2         0             1
                 1             5
       3         0             1
                 1             2
3      1         0            12
                 1             4
4      1         0            11
                 1             3
       3         0             4
5      1         0             5
8      1         0             7

============================================================================================


============================================================================================
Group By - Parch & Fare_group & Survived


Parch  Fare_group  Survived
0      0-50        0           416
                   1           160
       50-100      0            24
                   1            53
       100-150     0             3
                   1            12
       150-200     1             2
       200-250     0             2
                   1             4
       500-550     1             2
1      0-50        0            44
                   1            45
       50-100      0             6
                   1            12
       100-150     0             1
                   1             2
       150-200     0             1
                   1             2
       200-250     0             1
                   1             3
       500-550     1             1
2      0-50        0            28
                   1            24
       50-100      0             7
                   1             5
       100-150     0             1
                   1             5
       150-200     0             2
                   1             2
       200-250     0             1
       250-300     0             1
                   1             4
3      0-50        0             2
                   1             3
4      0-50        0             3
       250-300     0             1
5      0-50        0             4
                   1             1
6      0-50        0             1

============================================================================================


============================================================================================
Group By - Parch & Cabin_group & Survived


Parch  Cabin_group  Survived
0      A_Cabin      0             8
                    1             6
       B_Cabin      0             9
                    1            19
       C_Cabin      0            16
                    1            27
       D_Cabin      0             5
                    1            20
       E_Cabin      0             7
                    1            16
       F_Cabin      0             4
                    1             3
       Missing      0           395
                    1           142
       T_Cabin      0             1
1      B_Cabin      0             3
                    1             8
       C_Cabin      0             3
                    1             3
       D_Cabin      0             2
                    1             4
       E_Cabin      0             1
                    1             7
       F_Cabin      1             5
       G_Cabin      0             2
                    1             1
       Missing      0            42
                    1            37
2      A_Cabin      1             1
       B_Cabin      1             8
       C_Cabin      0             4
                    1             5
       D_Cabin      0             1
                    1             1
       E_Cabin      1             1
       F_Cabin      0             1
       G_Cabin      1             1
       Missing      0            34
                    1            23
3      Missing      0             2
                    1             3
4      C_Cabin      0             1
       Missing      0             3
5      Missing      0             4
                    1             1
6      Missing      0             1

============================================================================================


============================================================================================
Group By - Parch & Embarked & Survived

Dictionary Mapping : {'S': 1, 'C': 2, 'Q': 3}

Parch  Embarked  Survived
0      1         0           346
                 1           140
       2         0            60
                 1            63
       3         0            39
                 1            30
1      1         0            36
                 1            46
       2         0            11
                 1            19
       3         0             6
2      1         0            35
                 1            30
       2         0             4
                 1            10
       3         0             1
3      1         0             2
                 1             2
       2         1             1
4      1         0             4
5      1         0             3
                 1             1
       3         0             1
6      1         0             1

============================================================================================


============================================================================================
Group By - Fare_group & Cabin_group & Survived


Fare_group  Cabin_group  Survived
0-50        A_Cabin      0             6
                         1             5
            B_Cabin      0             6
                         1             4
            C_Cabin      0             8
                         1             8
            D_Cabin      0             4
                         1             8
            E_Cabin      0             4
                         1            12
            F_Cabin      0             5
                         1             8
            G_Cabin      0             2
                         1             2
            Missing      0           462
                         1           186
            T_Cabin      0             1
50-100      A_Cabin      0             2
                         1             2
            B_Cabin      0             5
                         1            17
            C_Cabin      0             6
                         1            14
            D_Cabin      0             3
                         1            15
            E_Cabin      0             4
                         1            10
            Missing      0            17
                         1            12
100-150     B_Cabin      1             6
            C_Cabin      0             3
                         1             5
            D_Cabin      0             1
                         1             2
            E_Cabin      1             2
            Missing      0             1
                         1             4
150-200     C_Cabin      0             3
                         1             4
            Missing      1             2
200-250     B_Cabin      0             1
                         1             4
            C_Cabin      0             2
                         1             2
            Missing      0             1
                         1             1
250-300     B_Cabin      1             2
            C_Cabin      0             2
                         1             2
500-550     B_Cabin      1             2
            Missing      1             1

============================================================================================


============================================================================================
Group By - Fare_group & Embarked & Survived

Dictionary Mapping : {'S': 1, 'C': 2, 'Q': 3}

Fare_group  Embarked  Survived
0-50        1         0           390
                      1           159
            2         0            62
                      1            45
            3         0            46
                      1            29
50-100      1         0            31
                      1            42
            2         0             5
                      1            27
            3         0             1
                      1             1
100-150     1         1             7
            2         0             5
                      1            12
150-200     1         0             3
                      1             6
200-250     1         0             1
                      1             3
            2         0             3
                      1             4
250-300     1         0             2
                      1             2
            2         1             2
500-550     2         1             3

============================================================================================


============================================================================================
Group By - Cabin_group & Embarked & Survived

Dictionary Mapping : {'S': 1, 'C': 2, 'Q': 3}

Cabin_group  Embarked  Survived
A_Cabin      1         0             5
                       1             3
             2         0             3
                       1             4
B_Cabin      1         0             7
                       1            18
             2         0             5
                       1            17
C_Cabin      1         0            16
                       1            20
             2         0             7
                       1            14
             3         0             1
                       1             1
D_Cabin      1         0             6
                       1            14
             2         0             2
                       1            11
E_Cabin      1         0             8
                       1            18
             2         1             5
             3         1             1
F_Cabin      1         0             4
                       1             7
             2         1             1
             3         0             1
G_Cabin      1         0             2
                       1             2
Missing      1         0           378
                       1           137
             2         0            58
                       1            41
             3         0            45
                       1            28
T_Cabin      1         0             1

============================================================================================

